-0.00249668
0.00029034
0.02499904
0.00866146
-0.00343162
-0.04051879
-0.05231917
0.01867050
0.05554390
-0.00753765
0.03752582
-0.01284722
0.02003786
-0.05803231
0.03071998
0.01315459
0.02965050
0.00233366
-0.09617355
0.04965561
0.04921499
0.04626510
0.01316758
-0.00975547
-0.02189484
-0.01376370
0.00153660
0.02934782
0.06745185
0.02718778
0.00839286
0.00372848
-0.06446785
-0.01004114
0.01910107
0.02112297
-0.01564309
0.07461686
-0.03364683
0.00450181
-0.02954909
-0.00942963
-0.05049951
0.02079872
0.01796418
-0.06961076
0.00325537
0.08115533
-0.07920616
0.00790422
0.01932981
-0.01027709
0.03606153
0.01791167
0.01798508
0.03195126
0.06218178
0.01834278
-0.03232631
-0.01539873
-0.02214538
0.01436740
0.01621433
-0.03333504
-0.02969596
-0.01868027
0.03273946
0.07325034
0.03058076
0.01824267
0.08479962
0.01161752
0.04907077
0.00113838
-0.05521156
0.03468808
-0.09984390
-0.02966581
0.01027045
-0.00415790
-0.03554852
-0.03768146
0.04111643
-0.05948580
0.08589914
-0.01343106
0.03852031
-0.02374608
0.01478407
0.01383040
0.03870240
-0.01650049
0.03068830
-0.02673216
0.00518480
0.09296590
0.02110140
-0.04054484
0.02435344
-0.04531351
0.00177940
-0.03276955
0.02229188
0.02849008
0.05751986
0.03689407
0.02870523
0.02312175
0.01805650
0.02602742
0.03562818
-0.01734941
0.04769967
-0.01145879
-0.05979879
-0.00624192
-0.05616510
0.05633885
-0.01447476
0.00624955
-0.00786939
-0.01656592
0.01447106
-0.05910150
0.05900532
-0.01220258
0.05482897
-0.04415023
0.00463967
0.08587374
0.03190517
-0.04701271
-0.02120628
0.04734554
0.00424718
-0.00455031
-0.05925906
0.00852848
-0.14472070
-0.01678532
-0.01961690
-0.03303412
-0.02752707
0.05130459
0.01362580
0.04714390
-0.04086089
0.14376430
0.01146553
0.01338304
-0.03364421
-0.00720811
-0.06719460
-0.05722123
-0.00954458
0.00551392
0.02610437
0.08036331
0.02828642
0.04892732
0.00531935
0.03329560
0.03703727
0.00778290
0.00899149
-0.01463248
-0.00604871
0.06022681
0.04574648
-0.09220557
-0.04338594
-0.01155721
-0.04871225
-0.04343386
0.16053677
-0.02179963
-0.09715237
-0.00397162
0.02302562
-0.05663795
-0.03283081
-0.04961855
0.03915941
0.03975032
-0.01291492
-0.03862863
0.01536835
0.06278698
-0.02039011
0.00188146
0.01430600
0.02319541
-0.06781767
-0.04482761
-0.05647204
0.04082679
-0.01601274
-0.02003439
0.05872100
-0.03489156
0.04450540
0.02531377
-0.01187564
0.01959809
0.06020765
-0.03026075
0.08783264
0.07816849
0.00488717
-0.04514004
-0.05171267
0.04814503
-0.03485701
0.01651838
0.01161566
0.03744156
0.08218583
0.04662133
0.03031065
0.02097588
0.02294665
0.04365778
0.01659932
0.05243244
0.01931618
-0.00321415
0.00771735
0.06644857
0.01150103
0.04556234
-0.01130525
-0.01063135
0.03240380
-0.10463397
-0.02665519
-0.04574646
0.03097773
-0.02257626
-0.04273424
-0.01625579
-0.02607584
0.04070938
0.01278154
0.00982359
-0.03120804
-0.00561438
0.05987635
-0.03156215
0.03315937
0.07275868
-0.04649384
-0.05757578
-0.05420730
-0.02378397
-0.06337553
0.02031853
-0.00017164
0.03245301
0.06410230
0.04425004
0.07218871
-0.09133443
-0.04231586
-0.04495896
0.05959982
-0.02251855
0.02393744
-0.09317392
-0.01758121
-0.03526520
0.00313358
-0.00634257
0.02654199
-0.00161383
0.00799990
-0.03116585
0.00820184
-0.06511154
0.03041547
0.05464562
0.03080908
0.02112090
-0.01271256
-0.04172192
-0.01199606
0.03035100
-0.03147519
0.02215610
0.03762840
0.02635374
-0.01158291
0.04350524
0.05591981
0.00825904
0.06545339
0.01588598
-0.02980855
-0.01435755
0.05458150
-0.04520485
0.03353419
-0.05629835
-0.01149804
0.00261295
0.10173744
0.02259079
-0.10762113
-0.09161702
-0.00297336
-0.04601953
0.04560981
-0.06883942
0.05908985
0.06694812
-0.09602678
0.04083847
0.03612653
-0.00417721
0.00771457
0.05209578
-0.05945842
-0.02024790
0.07587538
-0.02901807
-0.05319801
-0.04326273
0.00007771
0.00894515
0.05398916
0.01730531
-0.05175547
0.03241695
0.02118502
-0.03874037
-0.01154085
0.01233690
-0.05158021
0.05748901
0.13183971
0.03385500
0.00526166
0.04228491
-0.00071524
0.04555662
0.02282552
-0.01200744
0.07301747
0.06266716
-0.03462764
-0.08528771
0.02922435
-0.00155791
-0.04039762
-0.03622293
-0.02907902
-0.04123969
-0.02572705
0.06309965
0.02650906
-0.04499007
-0.03074101
0.02807815
0.01295981
0.02779622
0.01172596
0.03501863
0.00736368
0.05766456
-0.01822538
0.00949691
0.04908591
-0.04477644
0.04386058
-0.01464252
-0.06279831
-0.04908564
0.01907133
0.03124262
0.10126232
-0.03387988
0.06035336
0.06507274
-0.07733953
-0.03591058
0.02666944
-0.02131824
-0.00780322
0.07865027
-0.00025854
-0.02348027
-0.00016330
-0.01777804
0.13221371
-0.01183251
0.06999092
-0.04643149
-0.11533970
0.02216498
-0.00732418
-0.04022636
-0.04168163
-0.00695536
-0.03804268
0.05500707
-0.07580681
-0.03403967
0.04920100
0.02575259
0.02674552
-0.00985128
0.00473215
-0.01250945
0.06469059
0.00265730
-0.01878377
-0.07797833
0.01419549
-0.07689233
-0.03124027
-0.03750882
0.01793332
0.00048601
-0.01037362
-0.05872620
-0.02282458
-0.06642596
-0.05520089
-0.06294457
-0.01788829
0.07599797
-0.00628154
0.01210817
-0.00633251
-0.01223518
0.08793367
0.06828407
0.02727349
-0.07800287
0.03287787
-0.00368118
0.02562373
0.00358971
-0.03590849
-0.01051971
-0.00129388
0.05098983
-0.00434596
-0.00280730
-0.01246101
-0.03470463
0.03666359
-0.01143192
-0.07501544
-0.01060869
0.01456251
0.05846483
0.04185240
0.07881507
-0.05104177
0.03299748
0.06612700
0.01506157
-0.01219977
0.04566958
-0.04267976
-0.04769842
-0.01351129
0.03641373
0.01593911
0.05384295
0.04395267
-0.11530562
-0.00735559
-0.00623464
0.02085638
-0.02968809
0.06170171
-0.02187041
0.01038183
0.03293495
0.04851674
-0.07876848
-0.01433295
0.01411363
0.06325471
0.04573921
-0.08755536
-0.05507876
0.05529632
0.01332672
-0.10473395
-0.00381349
-0.00452310
-0.02142809
-0.02750707
-0.00137709
-0.01255495
0.08425983
-0.01273128
-0.02122336
-0.00965951
0.00281793
-0.09340023
-0.03322889
-0.01257304
-0.03265667
0.02482888
0.00987403
0.00800287
0.00014733
0.01390321
0.00346792
