-0.02064564
0.02856712
0.04592378
-0.01830217
-0.01363836
-0.02379060
-0.06478199
0.00858063
0.05552225
-0.01776018
0.07199054
-0.02423446
0.03551372
-0.03595890
0.04002285
-0.00942359
-0.03738726
0.00892220
-0.05113579
0.06756434
-0.00682040
0.04095066
-0.01883080
0.00807788
-0.04197896
-0.01191172
-0.00509547
0.07122642
0.06985502
0.02282467
0.01088073
0.00683289
-0.09687232
-0.02401317
-0.01496260
-0.01117470
-0.04806252
0.07684757
-0.08435337
0.00932836
-0.06355117
-0.01432141
-0.06114738
0.02283316
-0.05562529
-0.05423851
-0.02163111
0.00693200
-0.03147164
-0.02151605
0.04329661
-0.03369365
0.05718272
0.00069286
-0.01670530
0.05034275
0.07905222
-0.02531286
0.03352855
0.05462880
-0.04885577
0.02371448
0.01866888
-0.04384923
-0.07276803
-0.01372103
-0.00784974
0.02948892
0.02178661
0.00957883
0.01910904
-0.03801536
0.01951013
0.01738374
-0.02315032
0.00484895
-0.13175347
-0.00521608
0.00732665
0.01482135
-0.01761767
0.02327293
0.05252159
-0.04548017
0.07289581
-0.03620041
0.01675380
0.01726484
0.02022714
0.00050780
0.04484830
0.01705016
0.03449862
0.01016757
-0.02471329
0.08155535
0.02862525
-0.01676335
0.02171699
-0.01141581
0.03262850
-0.04468293
0.02193323
-0.01272247
0.05332578
0.04945206
0.02645707
0.01995672
0.08386298
0.04719950
0.01486506
-0.04920327
0.07115348
0.04020923
-0.11163886
0.01328276
0.00566756
-0.01440105
-0.01773282
-0.02381516
0.00182326
-0.03331986
0.05105011
-0.08942055
0.02681880
0.00304943
0.05273374
-0.04890237
0.01197242
0.06911727
0.03500866
-0.02602615
-0.06832734
0.02623208
-0.04997451
0.05359850
-0.06114578
0.07935459
-0.11465326
0.00227096
-0.09249610
-0.04783143
-0.02982454
0.02834685
0.02262873
0.06316876
-0.01488656
0.09543130
-0.03909118
0.00397438
0.00761078
0.00093238
-0.03437963
-0.04911799
-0.00669757
0.04487063
-0.01294758
0.02960996
0.03382018
0.01932964
-0.00447148
0.02266355
0.04144519
-0.03649060
0.03343161
0.02894914
0.02686760
0.01475236
0.03784709
-0.06462452
-0.03665282
-0.01626879
-0.02414986
-0.08874150
0.10729796
-0.03208763
-0.02442706
-0.02749182
0.06756169
-0.09191004
-0.03170057
-0.04601538
0.04334907
0.06284682
-0.02640607
-0.07164209
0.00391866
0.02161326
-0.02737265
0.05063934
0.00106867
0.02531607
-0.03804627
0.01250528
-0.00478187
0.04392815
-0.02581218
-0.03633952
0.10511914
-0.02120984
0.01217528
0.02653149
-0.03419423
0.01180802
0.04033945
-0.05034497
0.08025830
0.04400875
-0.04762914
-0.05233273
-0.05547892
0.04792267
-0.05397617
0.00280375
0.04754614
0.08899371
0.08178400
0.01258100
0.03299355
-0.00951224
-0.00892986
0.04534053
-0.00217405
0.07150282
-0.01044702
-0.01371912
0.02000212
0.08036466
-0.03106585
0.08287337
0.01792571
-0.00269062
0.06113327
-0.07785890
-0.01300704
-0.03190251
-0.00913251
0.01879703
-0.02118189
-0.01026323
-0.03143613
0.01786011
0.01813797
0.00409284
-0.01215975
-0.00447911
0.03495473
-0.08001020
-0.01197906
0.01501610
-0.01969686
-0.07624874
-0.03748864
-0.05082136
-0.07284333
0.02301930
-0.00580872
0.07061712
0.02467250
0.03988257
0.05925672
-0.04699022
-0.10213166
-0.02384558
0.03501967
-0.06774189
0.01621714
-0.09924635
-0.01683523
0.00529064
0.02012998
-0.00679304
0.09706439
0.01857378
0.03433199
-0.10188708
0.00849864
-0.03658689
0.03867904
0.06964302
0.02399597
-0.00545317
0.01118871
-0.01825910
-0.00340009
-0.02564389
-0.04381262
0.02978516
-0.01363092
0.02370024
-0.02168195
0.03752930
0.01115269
-0.00974788
0.01949715
0.00962526
-0.02289277
-0.00963727
0.03965248
-0.05295722
-0.00644069
-0.01871001
-0.01121471
0.02107696
0.09677515
0.02852566
-0.07584181
-0.07047763
-0.04242979
-0.06515205
0.05416733
-0.01190200
0.12872748
0.05481132
-0.09430149
0.06361069
0.02836617
-0.01180274
-0.00887403
0.08587164
-0.06344813
-0.07395547
0.08365242
-0.06573270
-0.06456996
-0.01108404
-0.00994685
0.03031374
0.02818345
-0.03664379
-0.02056385
0.00821618
0.02662247
-0.07278233
-0.01270943
0.00461351
-0.08551044
0.06935913
0.14063761
0.05343428
-0.03201552
0.08258191
-0.00844092
0.01032655
0.00182851
-0.03295735
0.05225496
0.08294948
-0.04184778
-0.00258482
0.00880147
0.01686413
-0.03669208
-0.06263339
-0.02483940
-0.04005893
-0.02193301
0.02748270
0.08178378
-0.02655788
-0.05107981
0.00622860
0.00603789
-0.00253992
0.01294356
0.00549146
0.04813756
0.06030455
-0.00780631
0.00201946
0.01144641
-0.00580195
0.05462961
-0.01050419
-0.02698118
-0.02681961
0.02097038
-0.00025655
0.05111506
-0.00767191
0.04885528
0.00291968
-0.07163083
-0.07103257
0.05791217
0.02909850
0.02004184
0.06299964
-0.04122548
0.04959105
-0.00088041
-0.03141706
0.12054674
0.04599208
-0.00355840
-0.06973671
0.01167831
-0.01467816
0.02587626
0.02794001
0.02171040
-0.01735463
-0.05393105
0.01329975
-0.06788784
-0.03900290
0.07110336
0.02169289
0.02557204
0.04829631
0.02094341
0.01425308
0.07210328
0.02313516
-0.03068775
-0.06354205
0.02457523
-0.03485192
-0.05504869
-0.05561941
-0.02254873
-0.01393694
-0.01489508
-0.00523383
-0.02450965
-0.01024736
-0.05297092
-0.03248573
-0.01287003
0.04119763
0.00468783
-0.03263353
0.00825382
-0.01350822
0.04212852
0.04969984
0.05274607
-0.06325705
0.00308890
0.00611709
0.02082549
0.03086814
-0.00006447
-0.02525548
0.06626117
-0.00441197
0.02868201
-0.03602408
-0.00820277
-0.02318043
0.05069441
-0.00203973
-0.06344333
0.01036717
0.03871008
0.01828557
0.02175560
0.05102450
-0.09986632
0.04062000
0.02361233
0.00664357
-0.01532114
0.03655295
-0.05275345
0.00781058
-0.04559426
-0.03370418
0.00443653
0.06649876
0.01945792
-0.06042896
0.00661573
0.06518833
0.01114358
-0.00799087
0.03340120
-0.03204680
-0.07549584
0.04109655
0.00201716
-0.10589316
-0.00688788
0.01736485
0.03175076
0.04096594
-0.06744853
-0.05709654
0.05425971
0.04555801
-0.06456218
-0.01999579
-0.01622871
-0.02778702
-0.01501119
0.01935485
0.03280345
0.07417083
-0.04607365
-0.01846036
-0.02688265
-0.03033219
-0.05663973
0.00618573
-0.04189489
0.00652596
0.05084344
-0.01908446
-0.00524376
-0.05625272
0.00200193
-0.03461231
