-0.03216958
-0.00517199
-0.03206723
0.01755745
-0.04070046
-0.03534995
-0.06890165
-0.04006498
-0.06348018
0.05483039
-0.00115347
-0.02039710
0.09122921
-0.00182437
0.00463330
0.08071025
-0.04891771
-0.04564195
0.00771418
-0.01014550
0.02792724
-0.02769490
0.02286438
-0.01450044
0.07686987
-0.04132690
-0.06129452
0.00771321
-0.00372143
0.03379527
-0.01101522
-0.03684030
-0.00720469
-0.02236761
0.00499645
0.01226615
-0.04567613
-0.02173430
-0.04503138
-0.02573791
-0.02134097
-0.05302041
0.04270524
0.07337852
-0.02025590
0.05232850
0.00517414
0.04646604
0.02655161
0.03154819
-0.00567207
0.03862771
0.05321276
-0.01558670
0.06049358
-0.02108951
0.02315836
-0.04691935
0.05266868
0.03552601
0.00258058
0.07781662
-0.05366354
-0.01771139
-0.00385654
0.02029252
-0.07065172
-0.05312953
0.06838781
-0.05307292
0.03377713
-0.03920500
0.00898093
0.01229030
-0.02327658
-0.01264605
-0.09353799
-0.05220928
-0.03594504
-0.01160857
-0.03239537
0.01876554
-0.01534826
0.08438364
0.04213200
0.02543650
-0.00792362
0.02675863
-0.02895879
0.08101803
0.01875083
0.06007511
0.03354862
-0.03591855
0.01739380
-0.01188764
-0.03078274
-0.02899501
0.07433069
-0.00276755
0.01190082
0.00440975
0.02938648
-0.02517141
-0.06673332
-0.00848776
0.03607281
-0.01112874
0.04109643
0.00652966
0.02749521
-0.00890363
-0.07863184
-0.04067266
-0.04521060
0.01286604
-0.07356591
0.02328129
0.02576191
0.00730520
-0.01960865
-0.05093798
0.00176207
0.02498943
0.00377499
-0.00666636
-0.05474294
-0.02152141
0.01603512
-0.03533668
-0.03233254
-0.06130527
-0.06415331
0.01255308
-0.02871242
-0.05186181
-0.01929293
0.04317258
0.08846855
0.04393886
0.03867007
-0.05648815
-0.02875303
0.00208028
-0.11634853
0.07308010
-0.03076229
0.02857181
0.04397796
0.11317094
-0.01514008
-0.01700358
-0.00912537
-0.04478784
-0.03839708
0.04582804
-0.02767026
0.10200056
0.02443220
-0.01758913
0.07552079
0.00457761
0.00207271
0.05603409
0.00361983
0.00299533
-0.09167363
0.00433626
-0.00378402
-0.02834781
-0.04060087
0.00075329
0.06056874
-0.03310671
-0.04068806
0.04202495
0.03148264
-0.04541840
-0.03395760
0.08054285
0.09415891
-0.03804204
-0.05550037
0.04199803
-0.00101121
0.05834852
0.02182557
-0.07043115
0.01361606
-0.06572291
-0.01934001
-0.05311606
0.08748812
-0.04541247
-0.03372908
0.09353377
0.10786951
0.01593745
0.00385204
-0.00079077
-0.08100301
0.09587156
0.00012527
0.01240686
0.05425916
-0.00211592
0.02351157
-0.01254953
0.01929240
-0.00866013
-0.00636926
-0.01562143
0.03266933
0.02841628
-0.03795637
-0.04695356
-0.11770450
0.01024602
-0.02662535
-0.03203991
0.00759392
-0.03912280
-0.02865219
0.00484885
0.01544040
-0.00543477
-0.03738350
0.01222147
0.01463289
-0.09470529
-0.01330411
0.00704134
0.02757845
0.01792845
0.02601369
-0.02870684
-0.03595825
-0.00375365
0.00080449
0.07725038
-0.01383168
0.01401606
0.02389735
-0.02063020
0.07429837
-0.03647198
-0.02801890
-0.04188990
-0.04500984
0.00282900
0.00051475
0.01471901
0.00335052
0.03288484
-0.02562678
0.01608586
0.05060911
0.05226581
0.00988131
-0.05777635
-0.10261717
0.04136891
0.00104585
0.02629821
-0.02435007
-0.01690745
0.04362161
0.01570487
-0.01326733
-0.05271130
-0.03884409
0.01713539
0.00063112
-0.02863249
-0.00257439
-0.08080456
0.03764939
0.05095983
0.05176652
-0.02509244
0.03148049
-0.05890075
-0.00231083
-0.03229468
0.04530618
-0.02113627
0.02717019
-0.05364361
0.00239758
-0.10903240
-0.02533133
-0.01145814
-0.01493324
-0.01871463
0.05442727
0.01861295
-0.02103909
-0.03932570
0.02426717
0.00070394
0.02705432
-0.03103813
-0.03473092
0.02457477
-0.06049563
0.04811231
0.02280185
0.03472631
0.03979565
-0.05739285
0.02669697
-0.04223103
-0.06146330
-0.02622323
0.05364855
0.06992255
-0.05442982
0.00990646
0.07617550
0.05413454
-0.05549753
0.03504375
0.03834803
0.05257983
0.07759865
0.06452581
0.02961767
0.07518032
0.01340961
0.03271288
0.00879973
0.01449351
-0.04268588
0.00243511
0.02451700
0.01132141
0.06985077
0.02170614
-0.01744618
-0.03787800
-0.04296234
-0.02557754
-0.06255925
0.00038548
0.01198681
-0.01860390
-0.05467254
0.02135818
0.04110081
-0.01280205
-0.02557036
0.02242204
0.07487755
0.05079966
-0.05137808
-0.02693691
0.00913384
0.05814563
0.03870609
0.03020395
-0.00519421
-0.05357025
0.07024325
-0.01036300
-0.08402117
-0.03342640
0.08111453
0.02020062
0.05388303
-0.11378018
-0.03537956
0.04165728
0.01113446
0.00323638
-0.02714750
-0.05132399
0.03010038
-0.02632894
0.06937341
0.01086192
0.01957519
0.03563173
-0.05000415
0.08174895
-0.02689105
-0.01409385
0.00708816
-0.05046203
0.09844796
-0.05239116
-0.11759760
-0.01741182
-0.00406746
0.08527759
0.01606954
-0.03881523
0.02540096
-0.01433338
0.03013354
-0.00642343
-0.01093837
-0.00366025
0.07221647
0.00813105
-0.06407181
-0.00875017
-0.00108653
0.04542242
-0.06106329
-0.05497268
0.00940287
0.00014817
0.00577748
0.02467732
-0.03759080
0.04435920
-0.01049990
-0.01463891
-0.06833946
-0.06330279
-0.01134844
0.07374015
-0.01644661
-0.01168118
-0.06645902
0.02004264
-0.01548061
0.12753417
0.05432938
-0.04493634
0.09513303
0.04893416
-0.00377947
0.09376942
0.02083614
-0.00471193
0.03117386
0.05831492
-0.03481132
-0.00952267
0.00643099
-0.01715453
-0.04255896
-0.02090277
-0.01234046
-0.03442148
0.02990413
-0.08887766
-0.01658069
-0.02692505
-0.05463734
0.05779598
0.00923745
-0.07190655
-0.06438015
-0.04551375
-0.00351455
0.00763001
-0.00326914
0.03593481
-0.01212308
-0.04020303
-0.01712056
0.01123560
0.03309875
-0.05725968
-0.01629919
0.04353099
0.02600811
-0.08988956
0.06947029
-0.01541038
0.08792873
-0.06829464
-0.04806926
-0.03488251
-0.04167973
0.10910362
0.06122115
0.02424991
0.02879490
-0.00769388
-0.07285807
0.02983235
-0.00503565
-0.03001430
-0.06269000
-0.00161698
0.02627023
-0.01343535
0.05355917
-0.02267380
0.04124472
0.03294646
-0.02795943
0.01242358
-0.04980277
-0.04422967
-0.07722176
-0.03279056
-0.01302903
-0.03979097
-0.06103859
0.06099045
-0.02459734
-0.01691699
0.07049659
0.00664005
0.08081020
-0.01875116
0.07337763
-0.05609094
